-0.01 1737413843
-0.05 1737580153
-0.06 1737666021
-0.07 1737756402
-0.08 1737842438
-0.09 1737925982
-0.10 1738012239
-0.13 1738106264
-0.13 1738185077
-0.15 1738270270
-0.16 1738443536
-0.17 1738539193
-0.20 1738707263
-0.21 1738786850
-0.22 1738876445
-0.24 1738966891
-0.25 1739049499
-0.26 1739134828
-0.27 1739223827
-0.29 1739316844
-0.32 1739399380
-0.33 1739483691
-0.34 1739573681
-0.35 1739655109
-0.36 1739744718
-0.37 1739823662
-0.44 1739996495
-0.47 1740089519
-0.48 1740172473
-0.50 1740260487
